 f = 40;
 
 Ns = 480;
 
 Poles = 120*f/Ns